A = [ 0,0,0,0,0,0,1,1,1; ...
      0,0,0,1,1,1,0,0,0; ...
      1,1,1,0,0,0,0,0,0; ...
      0,0,0,0,0,1,0,1,1; ...
      0,0,1,0,1,0,1,0,0; ...
      1,1,0,1,0,0,0,0,0; ...
      0,0,1,0,0,1,0,0,1; ...
      0,1,0,0,1,0,0,1,0; ...      
      1,0,0,1,0,0,1,0,0; ...
      0,1,1,0,0,1,0,0,0; ...
      1,0,0,0,1,0,0,0,1; ...
      0,0,0,1,0,0,1,1,0 ];

B = [ 13, 15, 8, 14.79, 14.31, 3.8, 18, 12, 6, 10.51, 16.13, 7.04]';





x2 = A\B
      
