A = [1,1,1,1,0,0,0,0,0,0,0,0,0,0,0,0; ...
     0,0,0,0,1,1,1,1,0,0,0,0,0,0,0,0; ...
     0,0,0,0,0,0,0,0,1,1,1,1,0,0,0,0; ...
     0,0,0,0,0,0,0,0,0,0,0,0,1,1,1,1; ...
     1,0,0,0,1,0,0,0,1,0,0,0,1,0,0,0; ...
     0,1,0,0,0,1,0,0,0,1,0,0,0,1,0,0; ...
     0,0,1,0,0,0,1,0,0,0,1,0,0,0,1,0; ...
     0,0,0,1,0,0,0,1,0,0,0,1,0,0,0,1; ...
     1,1,0,0,1,1,0,0,0,0,0,0,0,0,0,0; ...
     0,0,1,0,0,0,1,0,1,0,0,0,1,0,0,0; ...
     0,0,0,1,0,0,0,1,0,1,0,0,0,1,0,0; ...
     0,0,0,0,0,0,0,0,0,0,1,1,0,0,1,1; ...
     1,1,0,0,0,0,0,0,0,0,1,1,0,0,0,0; ...
     0,0,1,1,0,0,1,1,0,0,0,0,0,0,0,0; ...
     0,0,0,0,1,1,0,0,0,0,0,0,0,0,1,1; ...
     0,0,0,0,0,0,0,0,1,1,0,0,1,1,0,0; ];

 b = [12,14,17,18,15,19,9,18,13,17,17,14,16,13,11,21]';
 
 x = [3,4,2,3,1,5,4,4,5,3,1,8,6,7,2,3]';
 
 b = A*x